name: ProximalPhalanxOutlineCorrect
num_classes: 2
seq_len: 80
total_object_count: 891
train:
  object_count: 600
  max: 1.9029012
  mean: 2.305759115491431e-10
  min: -1.4834275
  std: 0.9937303452404692
  median: -0.30516197
  roughness: 0.055720509328174454
test:
  object_count: 291
  max: 1.8237101
  mean: 1.3468714070730824e-10
  min: -1.4424148
  std: 0.9937303459051962
  median: -0.303568595
  roughness: 0.05446519339010696
