name: FordA
num_classes: 2
seq_len: 500
total_object_count: 4921
train:
  object_count: 3601
  max: 5.0592276
  mean: -2.32319531420152e-11
  min: -4.6176935
  std: 0.9989994995183197
  median: -0.000752573005
  roughness: 0.0932141258660561
test:
  object_count: 1320
  max: 4.3151462
  mean: -3.660013626582633e-11
  min: -4.5565409
  std: 0.9989994994945227
  median: -0.00044326025499999997
  roughness: 0.09391941213989796
