name: GunPointMaleVersusFemale
num_classes: 2
seq_len: 150
total_object_count: 451
train:
  object_count: 135
  max: 2.6069124661956637
  mean: 1.1228329651517632e-17
  min: -1.2296704488276315
  std: 1.0
  median: -0.38347563527568584
  roughness: 0.007198750308624591
test:
  object_count: 316
  max: 2.599520758422044
  mean: -0.06078452732397132
  min: -1.3281435690250094
  std: 0.993367819673271
  median: -0.40944492971635105
  roughness: 0.00715915232900437
