name: GunPoint
num_classes: 2
seq_len: 150
total_object_count: 200
train:
  object_count: 50
  max: 2.0533673
  mean: -1.9811999057613622e-10
  min: -2.3692305
  std: 0.996661092587111
  median: -0.546072645
  roughness: 0.013519172473432432
test:
  object_count: 150
  max: 2.319675
  mean: 5.851781881776535e-11
  min: -2.500016
  std: 0.9966610925070183
  median: -0.5590037400000001
  roughness: 0.014926426506506303
