name: GunPoint
num_classes: 2
seq_len: 150
total_object_count: 200
train:
  object_count: 50
  max: 2.0533673
  mean: -1.9811999057613622e-10
  min: -2.3692305
  roughness: 0.013519172473432432
test:
  object_count: 150
  max: 2.319675
  mean: 5.851781881776535e-11
  min: -2.500016
  roughness: 0.014926426506506303
